71583429
73048566
74307864
74553984
77354945
80337708
80932869
81271660
82464699
82569193
82574136
82925124
82932761
84239309
84864228
85532251
86124785
86730606
87053303
88085294
88174040
89431469
89857309
90969650
92099039
92267487
93543998
93704339
94127942
94656581
94962938
95014950
95029566
95292529
95798750
95949811
73360223
84682597
95413281
96436330
83447253
84699854
82013858
83223864
84339111
85887654
86097425
87571546
89581148
90720662
75285728
82188053
86941731
88423798
88665464
88866462
89103220
89311589
94221243
97042673
71287132
74301043
76232393
81266854
81691183
82042055
82105698
82199927
82518091
82531566
82852607
82961918
83994018
84317531
84802270
84864182
84904484
85132882
85200360
85385177
85400130
85591074
86066232
86213672
86498855
86559192
86631193
86650943
86755506
86756799
86962799
86994663
87441838
87480794
88649216
88683534
90502648
91472878
91494288
91690425
92675619
93043433
93306097
93700845
93929874
94171466
94284901
95536491
95646511
96544507
96730450
97356608
79827608
80936732
81330650
81444753
81497202
81864094
81931421
82216403
82253580
82307133
82579757
82666150
83219432
83423316
83442451
83459121
83574131
83670334
83765531
84041356
84081513
84091937
84194536
84243140
84346342
84584005
84630113
84657349
85096987
85148605
85378673
85408580
85459461
85572164
85653663
85747106
85965466
86009031
86009283
86054475
86237052
86463137
86597298
86744205
87187754
87212408
87245674
87259811
87304541
87318111
87484663
87516037
87598653
87703444
87704868
87737350
87772364
87796059
87846070
87887028
88019538
88048050
88188608
88318313
88706895
88984636
89055187
89082553
89416942
89558587
89591361
89754015
89829081
89831331
89939005
90268441
90510274
90590791
90592139
90695351
90773872
90817765
91162746
91240107
91263923
91386147
91925793
92204377
92282341
92345147
92353863
92559820
92727005
92779329
92779409
92851623
92897299
93507549
94142455
94252442
94493102
94627717
94854101
94883912
95168461
95168500
95309154
95786881
96062854
96322017
96395460
96408111
97076018
97153910
97159050
97159489
97208631
72772000
73933440
75777784
78349800
79067135
79512938
80935652
83195605
83326596
83965251
83999161
84048928
84542862
85298941
85612648
85878591
86243887
86244594
86346879
86786440
87035133
89283553
92083365
96536866
97204860
72364925
78445143
79726512
82846546
83061356
83679768
84146082
84158751
84205691
85400601
90084052
91057256
92464003
92784018
88418896
73840001
83769784
85462797
85798648
85994151
86460718
87027378
88690929
90195446
91169939
91285464
95431138
97303122
92185096
76317255
78064098
78717568
79415235
79772504
81828993
82512704
82641984
83547036
84506919
84777010
86262257
86347167
87163130
88574644
88755839
88880003
89006125
89533645
90540746
92316776
92361479
92691197
92716119
93044336
96053913
96411915
97190707
92508071
81091827
82272223
84056383
87903427
75348157
80115944
80151438
80271261
82059546
82141108
82909704
82930879
82997043
83276027
83285452
83601583
83906813
83994312
84313935
84557909
84593036
84604346
84956439
84979216
85341681
85747105
86899816
86899864
87060271
87128306
87425028
87572965
87583343
87712413
87878824
88278754
88308082
88445619
89902213
90128638
90236951
91235273
91301626
91501243
91806693
92275465
92281245
92296726
92334283
92840660
93309639
93599759
93637192
93639073
93899113
94165931
94379245
94417967
94457219
94459181
95366440
95762436
96675187
97420545
75634380
76761008
78992666
82089283
82093059
82762513
83108693
83546745
83823427
84212029
84324464
85828181
86440814
87788994
88559387
89233927
90270802
90435346
90662847
93112395
93719801
94852899
95408426
96838515